stellar_mass	planet_mass	env_mass
1.04	-3.511260650320979	-0.14045042601283916
1.21	-19.88648440225928	-0.7954593760903713
0.91	-7.684020910795619	-0.30736083643182477
0.98	-10.665749394997249	-0.42662997579989
0.85	-1.8864541430414152	-0.07545816572165662
1.0	-3.884695748620295	-0.1553878299448118
1.02	-13.288895522859615	-0.5315558209143846
0.37	-18.597867039767515	-0.7439146815907006
1.0	-7.540063575858505	-0.3016025430343402
0.96	-9.182997094035873	-0.36731988376143493
0.7	-27.85884011051533	-1.1143536044206133
0.79	-7.661275725924645	-0.3064510290369858
0.94	-14.847349674736657	-0.5938939869894663
1.13	-4.020225734464804	-0.16080902937859215
1.15	-6.6490528509520175	-0.2659621140380807
0.87	-12.303096717542397	-0.4921238687016959
0.82	-22.350711417248636	-0.8940284566899455
0.14	-13.394266999947295	-0.5357706799978919
1.05	-15.904417229821398	-0.636176689192856
0.92	-2.926168443105446	-0.11704673772421785
0.9	-4.198577596505732	-0.1679431038602293
0.82	-3.8612356417661235	-0.15444942567064496
0.95	-8.086498443062295	-0.3234599377224918
1.04	-5.43292158426812	-0.2173168633707248
1.15	-6.939366129882102	-0.2775746451952841
0.81	-1.8223690256641036	-0.07289476102656414
0.94	-25.449143879897143	-1.0179657551958858
0.92	-6.924148955218532	-0.27696595820874126
1.38	-6.511440333581108	-0.2604576133432443
0.51	-1.248966969455685	-0.049958678778227406
0.78	-4.011218949712488	-0.1604487579884995
1.09	-2.0162542392740765	-0.08065016957096306
0.77	-7.33488373920445	-0.29339534956817803
0.85	-17.978269185542096	-0.7191307674216839
1.25	-14.251855606804176	-0.570074224272167
0.79	-14.676202755883597	-0.5870481102353439
1.07	-25.56028701807833	-1.0224114807231333
0.94	-17.35542779650519	-0.6942171118602076
0.59	-3.0834949730083006	-0.12333979892033202
0.92	-17.74764764368923	-0.7099059057475693
0.73	-2.7712270972799393	-0.11084908389119758
0.65	-4.634019743347293	-0.18536078973389175
1.21	-16.544960056924495	-0.6617984022769798
1.06	-2.0967315058105234	-0.08386926023242093
0.2	-5.252653109185331	-0.21010612436741322
1.04	-5.958895261774827	-0.23835581047099308
0.59	-2.2960924496449726	-0.0918436979857989
0.88	-3.887701932307749	-0.15550807729230998
1.25	-9.545105004524693	-0.3818042001809877
0.22	-9.334856858561697	-0.37339427434246786
0.95	-11.764909673236922	-0.47059638692947686
0.7	-13.509232346271421	-0.5403692938508569
1.09	-4.623983524201319	-0.18495934096805275
0.62	-2.5558750187463373	-0.10223500074985349
0.21	-9.974422360598997	-0.3989768944239599
0.92	-2.794695287380928	-0.11178781149523712
0.85	-9.216648252897654	-0.36866593011590615
0.46	-4.856713744999496	-0.19426854979997984
1.05	-8.981133557683547	-0.3592453423073419
1.28	-3.6959412613525333	-0.14783765045410133
1.12	-3.3126270785778873	-0.1325050831431155
0.88	-0.7513547043892022	-0.030054188175568087
0.35	-1.8792563069035544	-0.07517025227614217
1.17	-3.457871235892828	-0.13831484943571312
1.19	-0.3378717793317363	-0.013514871173269452
0.86	-11.226845839518093	-0.4490738335807237
0.88	-7.325008156978971	-0.29300032627915884
0.86	-17.18314044335057	-0.6873256177340228
0.94	-3.5500794975844223	-0.1420031799033769
1.34	-19.487206463553672	-0.7794882585421469
0.24	-7.914807932359922	-0.3165923172943969
0.85	-10.035961486021838	-0.40143845944087353
0.64	-11.114646621455915	-0.4445858648582366
1.07	-18.697066981502964	-0.7478826792601185
1.01	-15.819301416629754	-0.6327720566651902
0.77	-5.227504867360203	-0.20910019469440813
0.92	-14.010046397365798	-0.560401855894632
0.99	-6.567639080237092	-0.2627055632094837
0.82	-17.532879614689236	-0.7013151845875695
0.29	-5.960826233941362	-0.2384330493576545
0.94	-5.0803045671983345	-0.2032121826879334
1.12	-4.746688889435552	-0.18986755557742208
1.03	-8.015888049069543	-0.3206355219627817
1.15	-2.0051908008199693	-0.08020763203279878
0.89	-5.567942559505854	-0.22271770238023414
0.88	-5.782266603408427	-0.2312906641363371
1.21	-4.596509243955678	-0.18386036975822712
0.55	-11.729237806367259	-0.46916951225469034
1.24	-4.819193106263304	-0.19276772425053218
1.09	-11.348215960567094	-0.4539286384226838
0.91	-7.956339264884724	-0.31825357059538895
0.78	-5.022748772046795	-0.20090995088187183
0.8	-12.580416613734071	-0.5032166645493629
1.19	-12.742269893730715	-0.5096907957492286
1.18	-12.081918248331236	-0.4832767299332495
1.2	-13.68963594739482	-0.5475854378957928
0.52	-4.059991939872376	-0.16239967759489501
0.96	-6.578124869177107	-0.2631249947670843
0.81	-2.8080326528186736	-0.11232130611274695
1.0	-10.768700520327036	-0.43074802081308144
0.93	-7.662962513092666	-0.30651850052370666
0.4	-11.9339975084028	-0.47735990033611203
1.04	-4.899317556102336	-0.19597270224409344
1.03	-11.69730725311777	-0.46789229012471084
0.57	-16.346297050167433	-0.6538518820066973
0.97	-15.96116270804628	-0.6384465083218512
0.76	-32.088081239226064	-1.2835232495690425
0.51	-9.347843849584855	-0.3739137539833942
0.58	-2.1978085528140396	-0.08791234211256159
0.95	-8.180563743741894	-0.3272225497496758
1.19	-4.457380008152311	-0.17829520032609245
0.86	-3.5229452068805873	-0.1409178082752235
0.62	-9.576987739784016	-0.38307950959136067
1.0	-9.626444648537543	-0.38505778594150175
0.81	-4.384868851577986	-0.17539475406311944
0.71	-22.20733609177526	-0.8882934436710105
0.94	-4.686203102090277	-0.18744812408361106
0.96	-0.7714523155200823	-0.030858092620803294
1.04	-8.323255296225545	-0.33293021184902183
0.81	-7.690103823165304	-0.30760415292661214
0.21	-13.462870046198654	-0.5385148018479462
0.56	-3.0714375104308367	-0.12285750041723346
0.8	-2.4888857597194436	-0.09955543038877775
1.14	-6.8874641819620255	-0.27549856727848104
1.04	-17.606924146398118	-0.7042769658559247
1.2	-0.9496142249006136	-0.037984568996024544
0.86	-10.438645800169922	-0.4175458320067969
0.73	-2.040107219793328	-0.08160428879173312
0.52	-3.8968693184397885	-0.15587477273759154
0.77	-15.06946355395011	-0.6027785421580044
0.58	-13.811716797118416	-0.5524686718847367
0.68	-10.131823787711879	-0.40527295150847514
0.94	-29.402829278027315	-1.1761131711210926
1.23	-12.073275920373348	-0.48293103681493393
0.79	-22.239831906858463	-0.8895932762743385
1.09	-2.2516038429778034	-0.09006415371911214
0.57	-7.320679667445754	-0.29282718669783014
0.59	-17.42736305921263	-0.6970945223685052
0.93	-1.6053092775044955	-0.06421237110017983
0.64	-7.097212522335781	-0.28388850089343126
1.07	-2.926675817436361	-0.11706703269745444
1.22	-2.013106517682857	-0.08052426070731429
1.13	-2.4940297177428117	-0.09976118870971247
1.08	-1.1925767315046742	-0.04770306926018697
0.58	-0.9063037840643173	-0.0362521513625727
1.06	-10.745683674856856	-0.4298273469942743
0.72	-11.41629027523701	-0.45665161100948043
0.97	-2.86383421273136	-0.11455336850925439
0.89	-13.274410555915722	-0.5309764222366289
1.12	-15.55141808103105	-0.6220567232412421
0.95	-7.63721275585374	-0.30548851023414964
0.98	-5.739693519126359	-0.22958774076505437
0.98	-0.533076272178246	-0.02132305088712984
0.78	-15.089024163703018	-0.6035609665481207
0.94	-10.626662046287183	-0.4250664818514873
1.03	-4.8123017681596245	-0.192492070726385
0.68	-14.434450520437197	-0.5773780208174879
1.03	-6.428146683318166	-0.2571258673327267
1.14	-10.243983791775284	-0.40975935167101135
1.33	-11.381421574345522	-0.4552568629738209
0.99	-18.738079467117647	-0.7495231786847059
1.05	-0.2084859957802454	-0.008339439831209817
0.81	-11.078469333646188	-0.44313877334584756
1.09	-7.1534266542594676	-0.2861370661703787
1.02	-2.7712182932298983	-0.11084873172919593
0.92	-13.059554861648348	-0.5223821944659339
0.91	-1.2370217136510964	-0.04948086854604385
0.97	-8.437178359658065	-0.3374871343863226
0.86	-14.319220324553195	-0.5727688129821278
0.98	-1.5614852982264613	-0.062459411929058455
1.08	-9.483127542962357	-0.3793251017184943
0.99	-1.33723573867065	-0.053489429546826
0.57	-14.157497286322629	-0.5662998914529052
0.97	-16.250564001339484	-0.6500225600535794
0.89	-4.112947513745517	-0.1645179005498207
0.73	-18.246736873254292	-0.7298694749301717
0.4	-1.0504128582316483	-0.04201651432926593
1.0	-16.678009895178164	-0.6671203958071266
0.43	-11.533049469227748	-0.46132197876910996
0.56	-15.385722209343381	-0.6154288883737352
1.28	-16.954330652088153	-0.6781732260835261
1.07	-9.31674388356753	-0.3726697553427012
0.96	-15.667894727756469	-0.6267157891102587
0.99	-12.059371849181195	-0.4823748739672478
1.04	-8.244724110565183	-0.32978896442260736
0.95	-8.38013439957914	-0.3352053759831656
0.74	-11.588677583584413	-0.46354710334337657
1.19	-9.665587239914611	-0.38662348959658444
0.8	-5.039636097945355	-0.2015854439178142
1.1	-8.150672367667216	-0.32602689470668866
0.83	-14.799808044608005	-0.5919923217843203
1.06	-8.59210522226257	-0.3436842088905028
0.91	-11.97332680824537	-0.4789330723298148
1.14	-13.624702724147078	-0.5449881089658831
0.89	-10.513640736423959	-0.42054562945695834
0.11	-3.3434130548302563	-0.13373652219321025
0.73	-12.687637550733061	-0.5075055020293224
1.0	-5.815988667943124	-0.23263954671772497
0.99	-0.7218116437391078	-0.028872465749564313
0.68	-3.014750173551869	-0.12059000694207477
1.03	-17.78776034151321	-0.7115104136605284
1.31	-7.3766755591364745	-0.295067022365459
1.05	-19.849314629090777	-0.7939725851636311
0.85	-23.03437862346622	-0.9213751449386489
0.95	-12.212770276468945	-0.48851081105875777
0.95	-10.52656629820067	-0.42106265192802683
0.57	-7.46767730038194	-0.2987070920152776
1.39	-4.691620399867274	-0.18766481599469095
0.97	-0.2265288594861703	-0.009061154379446813
0.8	-16.107497258632954	-0.6442998903453182
1.04	-6.697194693146718	-0.26788778772586874
1.21	-13.947825192743837	-0.5579130077097535
1.1	-3.1355052731041764	-0.12542021092416705
1.2	-12.958961009203422	-0.5183584403681369
0.64	-2.6162138916337745	-0.10464855566535099
1.01	-5.1518116457138525	-0.2060724658285541
0.99	-8.094379581598982	-0.3237751832639593
1.01	-2.4877031013913884	-0.09950812405565554
0.88	-4.045400223340661	-0.16181600893362647
1.1	-16.227319438653737	-0.6490927775461495
0.54	-3.0359732559355264	-0.12143893023742106
0.66	-4.370202220120375	-0.17480808880481502
0.9	-3.805425530994185	-0.1522170212397674
1.04	-4.725612562386601	-0.18902450249546404
0.83	-6.078692574002318	-0.24314770296009272
0.63	-21.792254792777552	-0.8716901917111021
0.27	-11.229857417215483	-0.4491942966886193
0.87	-2.471231940801769	-0.09884927763207076
1.02	-13.544010062117087	-0.5417604024846835
1.08	-4.542686619430725	-0.18170746477722902
0.83	-8.527787329371634	-0.3411114931748654
1.19	-14.723086366386298	-0.5889234546554519
0.97	-2.537848005741133	-0.10151392022964531
0.54	-2.712565680307533	-0.10850262721230132
0.59	-7.802049148827032	-0.3120819659530813
1.0	-5.013643911081177	-0.20054575644324707
1.13	-3.867392394937878	-0.15469569579751513
0.89	-21.167059328791748	-0.8466823731516699
0.6	-1.707970481476747	-0.06831881925906988
0.78	-11.012027744692652	-0.4404811097877061
0.68	-19.356029021058056	-0.7742411608423223
0.54	-2.0824047806763852	-0.08329619122705541
1.01	-4.004728638774873	-0.16018914555099492
1.06	-14.932488380347484	-0.5972995352138993
0.97	-7.594384371583719	-0.30377537486334877
1.22	-17.44730919331016	-0.6978923677324065
1.21	-9.219953431028603	-0.36879813724114413
0.54	-0.44286679744898105	-0.017714671897959243
1.33	-15.882955265247398	-0.6353182106098959
0.83	-3.436046601623168	-0.13744186406492673
0.97	-1.5515882387026143	-0.062063529548104575
1.05	-1.1932871624660866	-0.04773148649864346
1.02	-7.428916241005047	-0.2971566496402019
0.97	-4.7377155591324245	-0.18950862236529697
0.93	-2.4057504992119987	-0.09623001996847995
0.76	-6.816659609537109	-0.2726663843814844
0.52	-7.039083641099583	-0.28156334564398333
0.97	-2.629064253606564	-0.10516257014426256
1.05	-10.441788427565738	-0.41767153710262955
0.77	-1.2610150486990281	-0.05044060194796113
1.07	-20.403044285523944	-0.8161217714209578
0.89	-14.736506442339575	-0.589460257693583
1.19	-2.6760798519778377	-0.10704319407911352
0.95	-7.654146802562108	-0.30616587210248436
1.0	-7.248209298525347	-0.2899283719410139
0.55	-3.8276403242142036	-0.15310561296856814
0.98	-6.806187066030018	-0.27224748264120074
0.68	-5.108018571089022	-0.2043207428435609
0.7	-1.8859005877156392	-0.07543602350862556
0.8	-16.401441141481243	-0.6560576456592497
0.94	-7.905527760631207	-0.3162211104252483
0.85	-4.176866578477015	-0.16707466313908062
0.29	-5.4282401630515515	-0.21712960652206206
0.98	-9.93753223184316	-0.3975012892737264
0.68	-1.1013762390534731	-0.044055049562138925
0.83	-6.402975307848039	-0.2561190123139216
1.2	-0.8195917567092932	-0.03278367026837173
1.31	-5.707203363596135	-0.22828813454384542
1.31	-0.49895826792321696	-0.01995833071692868
1.03	-12.950119098294993	-0.5180047639317997
0.81	-17.585936497192765	-0.7034374598877107
1.09	-9.590989739808204	-0.3836395895923282
1.08	-11.701980750239395	-0.4680792300095758
1.02	-3.7170618301031357	-0.14868247320412542
1.07	-3.9113028292762824	-0.1564521131710513
1.13	-8.568720419182625	-0.342748816767305
1.24	-5.291261666417608	-0.2116504666567043
1.2	-12.899737454162413	-0.5159894981664965
0.68	-23.06908802395132	-0.9227635209580528
0.99	-20.041127444233634	-0.8016450977693453
0.77	-14.166859204582593	-0.5666743681833037
0.92	-7.931033198534879	-0.3172413279413952
0.81	-6.333616027038955	-0.2533446410815582
1.11	-4.874524641350642	-0.1949809856540257
1.0	-3.694826749265453	-0.14779306997061814
0.87	-12.733864406662722	-0.5093545762665089
1.07	-2.097516446674761	-0.08390065786699044
1.1	-3.8485630008487846	-0.1539425200339514
1.18	-2.838932774283034	-0.11355731097132137
1.18	-5.007172112589801	-0.20028688450359206
1.22	-5.059837946350672	-0.2023935178540269
0.9	-1.9850155328580577	-0.07940062131432231
1.12	-5.86769385462542	-0.23470775418501683
0.9	-5.388104004789579	-0.21552416019158316
1.13	-4.808250296185361	-0.19233001184741444
0.4	-5.310036722516488	-0.2124014689006595
0.96	-1.4550397229789194	-0.05820158891915678
0.99	-0.6703403438898852	-0.026813613755595406
1.11	-2.857066622342875	-0.11428266489371501
1.14	-6.193746898948504	-0.24774987595794018
0.7	-10.670124069608963	-0.42680496278435853
1.02	-9.126711288578868	-0.3650684515431547
0.8	-4.890836128304118	-0.1956334451321647
0.88	-3.569069720505251	-0.14276278882021004
0.55	-5.655280087425933	-0.2262112034970373
0.63	-9.06017795802715	-0.362407118321086
0.87	-5.369170459392832	-0.21476681837571326
0.68	-1.909042577222618	-0.07636170308890472
1.15	-21.700314255305795	-0.8680125702122318
1.02	-2.640592783932977	-0.10562371135731909
0.86	-5.073046869264287	-0.20292187477057147
0.64	-3.6148536762144827	-0.1445941470485793
1.22	-0.4824098186762069	-0.019296392747048276
0.92	-20.066840793247852	-0.8026736317299141
0.95	-22.972498269082884	-0.9188999307633153
1.03	-4.658148180203044	-0.18632592720812177
1.18	-7.173999180473631	-0.28695996721894523
0.53	-3.835670768309991	-0.15342683073239965
0.77	-4.782672556273045	-0.1913069022509218
0.82	-0.8795375925863664	-0.03518150370345466
0.89	-9.750940459292242	-0.39003761837168965
0.9	-11.328951102939122	-0.4531580441175649
0.45	-8.699385681779624	-0.34797542727118497
0.82	-4.62728197727361	-0.1850912790909444
1.18	-12.440965814964322	-0.4976386325985729
0.98	-14.340462313589896	-0.5736184925435959
1.07	-0.22230829847436673	-0.008892331938974669
1.34	-1.8055640523135768	-0.07222256209254307
1.23	-5.55764954779265	-0.222305981911706
1.09	-13.442208644791563	-0.5376883457916626
1.24	-12.667780020415865	-0.5067112008166346
0.88	-14.203371850698561	-0.5681348740279425
0.97	-20.235543873261843	-0.8094217549304737
0.7	-18.361532167924654	-0.7344612867169862
0.96	-9.132569442930464	-0.3653027777172186
0.8	-8.988651746563086	-0.35954606986252347
0.83	-12.218662589122122	-0.48874650356488486
0.73	-4.639078414476147	-0.18556313657904588
1.0	-27.873874170562544	-1.1149549668225018
0.81	-3.236413867057263	-0.12945655468229053
1.07	-6.870122603695507	-0.2748049041478203
1.01	-2.3864307892507473	-0.09545723157002989
0.49	-0.630073419644386	-0.02520293678577544
0.84	-13.22863357629473	-0.5291453430517892
0.76	-5.439600385347166	-0.21758401541388664
0.8	-8.435992039223851	-0.33743968156895404
0.97	-9.816969058476957	-0.3926787623390783
0.37	-11.962014522058633	-0.4784805808823453
0.54	-0.8238084811539914	-0.03295233924615966
0.91	-0.20535935950663697	-0.008214374380265479
0.38	-2.6055706389515736	-0.10422282555806295
1.14	-5.135504498939539	-0.20542017995758155
0.79	-12.744772030376081	-0.5097908812150432
0.68	-11.43929767765845	-0.457571907106338
1.03	-19.810894977011873	-0.7924357990804749
0.86	-0.510424119259095	-0.020416964770363803
0.95	-5.500530136574841	-0.22002120546299364
1.16	-16.054585837100447	-0.6421834334840179
1.07	-1.2417413018624917	-0.049669652074499665
0.83	-1.867684449288287	-0.07470737797153147
1.06	-4.765575171756991	-0.19062300687027964
1.16	-15.056586634150648	-0.6022634653660259
1.05	-6.237008252832554	-0.24948033011330217
1.25	-31.39596337039458	-1.2558385348157832
1.03	-4.334256822775568	-0.1733702729110227
0.96	-9.820955110410733	-0.3928382044164293
0.73	-5.177134548485588	-0.20708538193942352
0.91	-1.5717806822399754	-0.06287122728959901
0.81	-12.33172063234854	-0.4932688252939416
0.72	-11.958541668439747	-0.4783416667375899
0.51	-9.343423011115586	-0.3737369204446235
0.99	-4.936019153728195	-0.1974407661491278
1.05	-17.45269274032313	-0.6981077096129252
0.88	-20.910379774800447	-0.8364151909920179
0.82	-7.77114078101266	-0.3108456312405064
0.83	-15.428156475341314	-0.6171262590136526
0.53	-4.523422060892996	-0.18093688243571981
0.97	-8.946944802604666	-0.35787779210418663
0.94	-2.552346936106993	-0.10209387744427971
0.76	-1.823699540599088	-0.07294798162396351
1.1	-2.0234245593273044	-0.08093698237309217
0.94	-3.3191212143856266	-0.13276484857542506
1.05	-16.115568893069792	-0.6446227557227917
1.21	-18.12473031801906	-0.7249892127207624
0.81	-19.971200834576827	-0.7988480333830731
1.03	-10.93766459189653	-0.4375065836758612
1.05	-3.3613088685998287	-0.13445235474399314
1.16	-22.64319836403272	-0.9057279345613088
0.89	-8.861099316105596	-0.35444397264422384
1.06	-14.33134501273753	-0.5732538005095013
1.25	-2.8615649236561764	-0.11446259694624705
0.78	-11.209501584463322	-0.44838006337853287
0.98	-3.794321911591111	-0.15177287646364446
1.17	-1.1501336452156294	-0.04600534580862518
0.88	-5.528414273352803	-0.22113657093411213
1.05	-7.059305333583412	-0.28237221334333645
0.75	-8.527050010540652	-0.34108200042162606
1.05	-12.58338690845742	-0.5033354763382968
0.52	-3.2281321400996736	-0.12912528560398695
0.92	-23.694585247202237	-0.9477834098880895
1.31	-6.3052694126344635	-0.25221077650537854
0.86	-6.922069025159455	-0.2768827610063782
1.06	-0.7926229850461559	-0.031704919401846235
0.57	-8.153703102617447	-0.3261481241046979
1.0	-12.733446821670736	-0.5093378728668294
0.95	-11.172473444793454	-0.44689893779173817
0.54	-2.5922861628151774	-0.1036914465126071
0.98	-25.290271782905556	-1.0116108713162222
1.07	-5.494740282839427	-0.21978961131357708
0.99	-7.13804537722253	-0.2855218150889012
0.92	-4.05658746091533	-0.16226349843661322
0.48	-0.11679689070966792	-0.004671875628386717
0.84	-11.841783816782154	-0.4736713526712862
0.97	-18.312659097995738	-0.7325063639198295
1.26	-17.47532048164916	-0.6990128192659664
0.93	-16.612182831908807	-0.6644873132763524
1.02	-9.954111373652276	-0.39816445494609104
1.11	-19.901115005903637	-0.7960446002361455
0.56	-13.683763749487834	-0.5473505499795134
0.99	-15.300927183668012	-0.6120370873467205
0.95	-8.642745398377006	-0.3457098159350802
1.12	-1.8190133993585955	-0.07276053597434383
0.92	-11.451549902622943	-0.45806199610491777
0.95	-3.932047520072214	-0.15728190080288856
0.99	-9.231656484975968	-0.36926625939903873
0.91	-8.823121632102115	-0.3529248652840846
0.97	-4.290945770747533	-0.17163783082990133
1.06	-3.880993518783619	-0.15523974075134475
0.76	-11.440073145865085	-0.45760292583460344
1.08	-2.3905263194438815	-0.09562105277775526
0.58	-14.726190183760508	-0.5890476073504204
0.35	-31.99833260357107	-1.2799333041428427
1.12	-0.28224250183072064	-0.011289700073228826
1.03	-4.023921693176202	-0.1609568677270481
1.11	-2.2948706806672625	-0.09179482722669051
0.89	-26.92949586262407	-1.0771798345049628
0.96	-0.10324269109881579	-0.0041297076439526315
0.99	-10.529924519920172	-0.4211969807968069
1.27	-7.020089227579316	-0.28080356910317267
0.94	-1.336603476947745	-0.053464139077909804
0.96	-2.776046527579185	-0.1110418611031674
1.08	-22.2984500776229	-0.891938003104916
1.1	-2.7797402029359928	-0.11118960811743972
0.33	-0.7633674559275785	-0.03053469823710314
1.01	-15.563537078454535	-0.6225414831381815
1.04	-16.728860149070407	-0.6691544059628163
1.09	-14.640862538891595	-0.5856345015556638
0.97	-14.541878321959427	-0.5816751328783771
0.99	-5.560633311363676	-0.22242533245454707
1.02	-4.2404546601557005	-0.16961818640622803
1.17	-14.640042287387418	-0.5856016914954968
1.17	-3.3639710228878816	-0.13455884091551526
1.02	-12.719591307729967	-0.5087836523091986
0.55	-22.105993567463074	-0.884239742698523
0.59	-1.9509059974358995	-0.07803623989743598
1.15	-4.871618349312771	-0.19486473397251086
1.08	-14.249096544425912	-0.5699638617770365
0.73	-13.052693640918335	-0.5221077456367335
1.15	-15.539339097199043	-0.6215735638879617
0.8	-5.808436088335221	-0.23233744353340885
1.36	-8.640502604572756	-0.3456201041829102
1.0	-3.5977320590754873	-0.1439092823630195
0.79	-6.940885716289426	-0.27763542865157703
0.8	-0.12351292591491303	-0.004940517036596521
0.96	-2.222744968964611	-0.08890979875858443
0.66	-3.083316235643803	-0.12333264942575213
0.76	-7.173535326260676	-0.28694141305042703
1.3	-3.315310792864592	-0.13261243171458367
0.54	-10.582247401851603	-0.42328989607406414
1.21	-0.6172096200088992	-0.02468838480035597
0.83	-20.195568047907297	-0.8078227219162919
1.05	-9.445474954310605	-0.3778189981724242
0.97	-11.760560815381236	-0.47042243261524946
0.8	-28.596150785254707	-1.1438460314101884
1.12	-5.03915895559637	-0.2015663582238548
1.38	-3.295822306789333	-0.13183289227157333
0.78	-3.4330760123691157	-0.13732304049476463
0.92	-3.849916182527597	-0.15399664730110388
0.67	-15.424845469560706	-0.6169938187824283
0.77	-10.786198063697618	-0.43144792254790476
0.96	-5.631084604489461	-0.22524338417957843
1.22	-9.009249251230724	-0.36036997004922894
0.98	-7.797661905763741	-0.3119064762305496
1.28	-20.72181520608291	-0.8288726082433163
1.1	-12.654148726564095	-0.5061659490625638
1.05	-4.227550225405798	-0.16910200901623193
0.43	-21.949270895271034	-0.8779708358108413
0.96	-20.010446488191953	-0.8004178595276781
1.05	-6.851898047429149	-0.27407592189716595
0.98	-13.466617134114061	-0.5386646853645625
0.86	-8.92535367907298	-0.35701414716291924
1.04	-12.798995028044375	-0.511959801121775
0.82	-15.087561873207418	-0.6035024749282968
0.88	-7.028946403210482	-0.2811578561284193
0.89	-11.755259609505936	-0.47021038438023743
0.8	-2.797796560794158	-0.11191186243176633
1.02	-11.70601131040309	-0.4682404524161236
1.15	-25.400578125368483	-1.0160231250147393
0.6	-4.1434407879156785	-0.16573763151662715
0.65	-5.6149721188054755	-0.22459888475221904
1.0	-11.436736499439684	-0.45746945997758737
0.97	-9.82197614977772	-0.39287904599110884
1.03	-13.146249544944691	-0.5258499817977876
0.99	-13.781484205316119	-0.5512593682126448
0.85	-8.340703237679596	-0.33362812950718385
1.01	-8.752235817168527	-0.3500894326867411
1.04	-4.594649640579432	-0.18378598562317727
1.3	-7.768490418765868	-0.3107396167506347
0.89	-17.61003283325157	-0.7044013133300628
1.03	-11.801592276428297	-0.47206369105713186
0.89	-13.110585258595007	-0.5244234103438002
0.96	-10.475400013620558	-0.4190160005448223
0.71	-12.393514594400497	-0.49574058377601987
1.05	-23.556570620761335	-0.9422628248304534
1.06	-6.0131813204626035	-0.24052725281850415
1.21	-4.654551399354532	-0.1861820559741813
1.06	-1.632007933851124	-0.06528031735404496
0.64	-1.5674270253466074	-0.0626970810138643
0.7	-5.991813658296261	-0.23967254633185042
0.88	-19.545690504803424	-0.781827620192137
0.88	-13.927214861788077	-0.557088594471523
0.68	-0.6739587676003116	-0.026958350704012465
0.56	-6.794925884709046	-0.2717970353883618
0.92	-2.1007806615778364	-0.08403122646311345
0.85	-1.5784005315169662	-0.06313602126067865
1.13	-0.6860742176634362	-0.02744296870653745
1.0	-17.971851675576747	-0.7188740670230699
0.76	-7.573522394583338	-0.30294089578333355
1.32	-14.012209028051723	-0.5604883611220689
0.87	-8.163583020824788	-0.32654332083299153
0.96	-1.35261602744061	-0.054104641097624404
1.22	-4.789041775054647	-0.1915616710021859
1.06	-4.5913341759915	-0.18365336703966
0.7	-10.764782465419252	-0.4305912986167701
1.09	-9.970283203227687	-0.3988113281291075
0.94	-20.26073886332455	-0.810429554532982
0.7	-6.347511047075475	-0.253900441883019
0.56	-2.876064486711661	-0.11504257946846645
0.51	-6.463087790800163	-0.25852351163200654
0.57	-13.377016502322679	-0.5350806600929071
0.47	-9.99935280336142	-0.3999741121344568
0.74	-17.78539270571482	-0.7114157082285928
0.85	-7.559773211313245	-0.3023909284525298
0.9	-3.5950764972673217	-0.14380305989069286
1.2	-6.321232302272767	-0.25284929209091067
1.23	-5.163413809312457	-0.2065365523724983
0.93	-7.419725390218883	-0.2967890156087553
0.89	-9.54829485426143	-0.3819317941704572
1.05	-14.980167825660306	-0.5992067130264123
0.53	-14.863294736674696	-0.5945317894669878
0.94	-0.44383901533608583	-0.017753560613443433
0.51	-7.948093028411349	-0.31792372113645395
0.7	-11.392940464905777	-0.4557176185962311
0.75	-4.819677255457526	-0.19278709021830104
0.98	-10.661062580501845	-0.4264425032200738
0.5	-11.89812231336197	-0.4759248925344788
0.82	-4.414943032219549	-0.17659772128878196
1.21	-22.26324515558241	-0.8905298062232965
1.1	-18.251566516167962	-0.7300626606467185
0.82	-17.762268570448903	-0.7104907428179561
0.91	-6.815357446257982	-0.2726142978503193
1.17	-6.103699282617287	-0.24414797130469149
0.44	-5.569834221532233	-0.2227933688612893
1.15	-12.549514979159209	-0.5019805991663684
1.29	-10.643122669974407	-0.4257249067989763
0.98	-1.9921055797475522	-0.07968422318990209
0.99	-8.4697016767685	-0.33878806707074
0.94	-9.952826041510756	-0.3981130416604302
0.35	-11.66462943796006	-0.46658517751840245
0.88	-7.402298812880721	-0.29609195251522885
0.15595738724434882	-2.9599520790418117	-0.11839808316167247
1.3941495670407802	-3.9981390394869614	-0.15992556157947846
1.0521477790285	-2.2014145670732237	-0.08805658268292894
1.0467702782525017	-1.9732764408790255	-0.07893105763516102
0.7964452215469815	-1.2793289972290798	-0.05117315988916319
0.9610715238497107	-1.6915708517322907	-0.06766283406929163
0.8543101884059181	-3.0172928937262524	-0.1206917157490501
1.0741629470260605	-1.3163981378814418	-0.05265592551525767
0.8401414789128441	-1.4717581984072785	-0.05887032793629114
0.8380093887509893	-0.4546438972955835	-0.018185755891823342
1.146411142369328	-1.6725551277001092	-0.06690220510800436
0.3502010277739377	-1.5018218891579127	-0.06007287556631651
0.9611236006464203	-2.7202092757100136	-0.10880837102840055
1.3667356850787167	-0.7471498950307054	-0.029885995801228218
1.2237598360917883	-1.9145794882039762	-0.07658317952815905
0.6983703250926632	-4.15134864279832	-0.1660539457119328
1.3258984556536393	-1.1747849551786418	-0.04699139820714567
0.6998943369224302	-1.6780426272047317	-0.06712170508818927
0.549174731003687	-1.3567984876960835	-0.05427193950784334
1.2264027422721333	-2.97850931375287	-0.11914037255011481
1.3316868716309236	-3.0288783471649414	-0.12115513388659765
1.3066015577248387	-2.6512418666303312	-0.10604967466521326
1.125680649962308	-1.2337467366465629	-0.04934986946586251
0.5826781786102733	-4.96035659204413	-0.1984142636817652
0.45376853891761926	-1.360328412194936	-0.05441313648779744
1.358938993083223	-3.453487516437715	-0.1381395006575086
1.0504721280170481	-0.20760912250206398	-0.008304364900082559
0.12504987962345082	-2.733267755182847	-0.10933071020731389
1.3068584956536042	-2.395356486328903	-0.09581425945315612
0.7141914124732566	-0.1154084022069275	-0.0046163360882771
0.9902994425945816	-0.13419710367363358	-0.005367884146945343
0.9247922154651123	-1.9544469961525406	-0.07817787984610162
1.0096891665116419	-1.8292273977625573	-0.07316909591050229
1.0710248724111449	-0.657716349824623	-0.02630865399298492
0.5096291464300708	-3.340233524102055	-0.1336093409640822
0.9029722521828005	-3.3208273858283004	-0.13283309543313201
0.8447112989769037	-2.1335495342835324	-0.0853419813713413
1.0718761287524075	-3.1292333280445734	-0.12516933312178294
0.3727569934829844	-0.9431976509513704	-0.037727906038054815
0.3549807495097749	-3.637474458117805	-0.1454989783247122
0.37894443856495386	-0.6987842434135445	-0.02795136973654178
1.3529234233833936	-2.402170722497752	-0.09608682889991009
0.8630823476624901	-0.5927379712493273	-0.02370951884997309
0.8303775132592994	-0.6604143771307627	-0.026416575085230508
1.2635503509060955	-3.467762517000666	-0.13871050068002663
0.9194313568005923	-2.61143499277068	-0.1044573997108272
0.6175473371645892	-1.2206660213581375	-0.048826640854325504
1.099439248618113	-1.5420361773796176	-0.06168144709518471
0.7215915588694595	-0.6109007369198554	-0.024436029476794213
1.0664265004437283	-1.5309651237376098	-0.061238604949504394
0.4571293252080917	-1.212847990625806	-0.048513919625032244
0.4674657741309214	-1.4919238169231877	-0.059676952676927505
0.9942098092793694	-1.9914495115139292	-0.07965798046055717
1.1150423277919712	-1.5552205805149237	-0.062208823220596954
1.1668176970673139	-1.2704429423523425	-0.0508177176940937
1.0068795270921422	-1.1334508604087687	-0.04533803441635075
1.1804757545023388	-1.8178217622979647	-0.07271287049191859
1.2405208627565771	-2.0720224825647477	-0.0828808993025899
1.1072125099202266	-2.9446124522505035	-0.11778449809002015
1.273770376332974	-3.6250744124507923	-0.1450029764980317
0.535804714607123	-2.7207894308486695	-0.10883157723394678
0.8363850169587335	-1.8381834065746039	-0.07352733626298416
1.3867725397959276	-2.697665961501051	-0.10790663846004205
0.22499932755467478	-2.9952772046508764	-0.11981108818603506
0.9188088057096471	-2.172563737847484	-0.08690254951389935
0.7562874330066347	-4.051266780763408	-0.16205067123053632
0.5743089588545325	-2.095985106800764	-0.08383940427203056
1.0277475981819115	-1.4299805781131698	-0.05719922312452679
0.7236767390547187	-2.10585864139197	-0.0842343456556788
0.5439514174420006	-1.8984219405100446	-0.07593687762040179
0.6621403597032105	-3.127190574942217	-0.1250876229976887
1.3123934498699823	-2.67730289351673	-0.10709211574066921
1.0247645005664598	-0.9845009738595834	-0.039380038954383335
0.9634440073369809	-1.721213388268183	-0.06884853553072733
0.7623600291264834	-3.534165388444448	-0.14136661553777793
0.35183007193045035	-3.9675856126788807	-0.15870342450715522
0.6831128498747758	-2.349808035102917	-0.09399232140411667
0.8420045160533581	-2.7480603624840283	-0.10992241449936113
0.9079446711039588	-4.5020284715374945	-0.1800811388614998
1.1079748926913087	-4.480564629863931	-0.17922258519455725
1.3902007444706572	-3.7153478870571934	-0.14861391548228775
1.0776870253209823	-2.8681985078859116	-0.11472794031543647
1.1114865049859797	-1.355196030524411	-0.054207841220976445
0.7475037318514531	-2.606994705343223	-0.10427978821372894
1.1854852468927288	-3.426048829668761	-0.13704195318675044
0.46695681265897626	-1.428395750643923	-0.05713583002575692
0.38426904185910193	-1.2505808384449995	-0.05002323353779998
0.8218212795407559	-1.2564986067890955	-0.05025994427156382
1.2061846450710567	-0.15969118593813536	-0.006387647437525415
0.6833313715573957	-2.8409854584807586	-0.11363941833923034
0.9685757389308934	-2.562655157040931	-0.10250620628163723
1.143487261673948	-2.1691419096673887	-0.08676567638669555
0.8654493284541935	-2.636094239791948	-0.10544376959167792
0.43636729836055266	-2.069172580649947	-0.08276690322599788
0.6240856442738549	-2.8372019726285225	-0.1134880789051409
0.11001548711777032	-1.9802131221865003	-0.07920852488746001
0.7888468247516036	-2.759529008347614	-0.11038116033390455
1.1110612778062257	-0.4124314318715705	-0.01649725727486282
1.1922738367254955	-2.9100131043268247	-0.11640052417307299
0.7845671404210199	-2.668317672539014	-0.10673270690156056
0.31890340585772936	-2.3847208739061108	-0.09538883495624444
0.3263204923370222	-1.2696654929341484	-0.050786619717365936
1.1076493737343394	-0.9263267986368806	-0.037053071945475226
0.8181431633854124	-2.145656450496104	-0.08582625801984417
1.2755023198837334	-2.3507926724134247	-0.09403170689653699
0.24014632986529605	-2.0365963746758977	-0.08146385498703591
0.5555918903221022	-1.3155732555961497	-0.05262293022384599
0.6993634649322051	-0.1361795640324297	-0.0054471825612971885
0.938331755084529	-1.3150493421316594	-0.052601973685266375
0.30385977941152054	-0.931381095161995	-0.0372552438064798
0.9223325469684228	-3.597950021595773	-0.14391800086383094
0.8604731150722886	-1.5807189401573127	-0.06322875760629251
0.8938509340769032	-3.721961294111612	-0.1488784517644645
1.0102053106001347	-3.0549927327667796	-0.12219970931067119
0.9431619254139229	-2.4929967362717163	-0.09971986945086865
0.6196610306130783	-1.4306795174656406	-0.057227180698625625
1.0524188589570858	-2.045708053942855	-0.0818283221577142
1.1106846919329194	-3.370818380934742	-0.13483273523738967
1.310554061870966	-2.7499899217799393	-0.10999959687119758
0.5081854940286548	-2.2308126689598327	-0.08923250675839331
0.6954725588982097	-1.705221795477272	-0.06820887181909088
0.5614034658496305	-2.3093341898457607	-0.09237336759383043
0.9676637792051593	-1.418140431875131	-0.05672561727500524
0.3221717755513259	-2.736141960222763	-0.10944567840891052
0.7717820429115592	-1.396625566608052	-0.055865022664322084
0.8451548194852037	-4.502563542397429	-0.18010254169589715
0.8031880086553658	-0.4036786706348614	-0.016147146825394455
0.3130303549780057	-2.488470305084827	-0.09953881220339308
1.063256101070755	-0.8322881177749542	-0.033291524710998166
0.6233484433833218	-3.2049971091209835	-0.12819988436483934
1.3876923073919811	-1.8511455669641061	-0.07404582267856424
0.6987341701556687	-4.17318718940578	-0.16692748757623121
0.8914076692639699	-1.7437177281950336	-0.06974870912780134
0.7361132464807	-2.280511738894742	-0.09122046955578968
0.40800263618704624	-1.8745963004190513	-0.07498385201676205
1.050796235154195	-1.512500248131093	-0.06050000992524372
0.20597659834972426	-1.3988429147395898	-0.05595371658958359
0.47376763957897605	-1.4266592973050045	-0.05706637189220018
1.1733899002285795	-0.1640618192725496	-0.0065624727709019835
0.8557465256314494	-0.20305571969639336	-0.008122228787855734
1.0829801641574412	-0.33933688847336696	-0.013573475538934678
0.756889537042134	-1.4511422808204406	-0.05804569123281762
0.6390612944495802	-2.1182044138303358	-0.08472817655321344
1.0247681058975437	-3.9373840289431428	-0.15749536115772572
0.9975802261883799	-0.34431506271997026	-0.01377260250879881
1.3148657102798995	-0.41392998303220185	-0.016557199321288074
1.1710537945169242	-0.30382547394310966	-0.012153018957724387
0.9650381563413408	-2.3447974823295907	-0.09379189929318363
0.5955929118784089	-1.9764583822875184	-0.07905833529150073
0.7601470565398782	-2.257717731040201	-0.09030870924160804
0.5108115056602807	-2.4232329465585356	-0.09692931786234142
0.9868143541080067	-3.224106051387107	-0.1289642420554843
1.056621940937723	-1.6688950015918185	-0.06675580006367274
0.6923547672910972	-1.4468835445453654	-0.05787534178181462
1.179386142623044	-1.3140805416624954	-0.05256322166649982
0.8045468551784418	-3.698119032588158	-0.14792476130352633
1.0147651753182818	-1.7545901492820661	-0.07018360597128265
1.1375954818250897	-2.271824970234263	-0.09087299880937053
0.8322386420659369	-0.3281869079423041	-0.013127476317692163
1.1585905369222298	-2.018551824865824	-0.08074207299463297
0.5654911917525343	-2.6390068210816677	-0.10556027284326672
0.5184895329632437	-1.8987834785472024	-0.0759513391418881
0.8912978750552556	-2.0144945428428347	-0.08057978171371338
1.2143236804148052	-1.632337021196844	-0.06529348084787376
1.0473811539252118	-2.7512599864872254	-0.11005039945948902
1.2960755858279454	-2.44192936150118	-0.0976771744600472
0.9010051188007251	-3.349896632980024	-0.13399586531920096
1.040094403635197	-2.075266134949348	-0.08301064539797393
1.2703779420795487	-1.6577722595504725	-0.0663108903820189
1.3297005677088645	-1.611662185821312	-0.06446648743285248
0.9459675276838416	-1.2587024421657371	-0.050348097686629484
0.888677554919577	-3.044527715033303	-0.12178110860133214
0.1135780824385001	-1.4263150392842987	-0.05705260157137195
0.11937598522833814	-2.5846939978306924	-0.1033877599132277
0.6467805181976545	-1.3732975765162192	-0.05493190306064877
0.8654403383892364	-4.224910218081744	-0.16899640872326976
1.294670278828322	-1.6369835721799104	-0.06547934288719642
1.0659246917466363	-2.777192766228825	-0.11108771064915302
0.6375616579916767	-2.247694283668996	-0.08990777134675984
0.7637241815194622	-2.6202813991488134	-0.10481125596595253
1.0442022849108685	-2.2873007183990643	-0.09149202873596257
1.1984438856893718	-1.8728129023771019	-0.07491251609508408
1.0664105039463798	-2.195114944685827	-0.08780459778743309
1.0691877625825654	-1.7225793918493553	-0.0689031756739742
1.1715389596137737	-3.4424517117022195	-0.1376980684680888
1.3280197309850545	-2.333018352348688	-0.09332073409394752
1.1488281273722292	-1.2215614741804335	-0.04886245896721734
0.783311916083121	-1.772356619115221	-0.07089426476460883
0.3077418002196288	-1.2537509266588747	-0.050150037066354985
0.42681273598981906	-1.3656571119742624	-0.0546262844789705
0.643640315644781	-3.8926107634368097	-0.15570443053747238
0.8879545125522365	-3.3693651156372324	-0.1347746046254893
0.817889065762836	-2.8150617976645895	-0.11260247190658358
0.9679929409492999	-1.918878414957648	-0.07675513659830592
1.3486564147346243	-2.0694557504386193	-0.08277823001754478
1.3272706152635343	-2.5518446576435636	-0.10207378630574254
0.6005314558034573	-4.077667318659798	-0.16310669274639192
0.6639062816334484	-3.7657693248267154	-0.15063077299306862
0.42056055943614556	-4.3877575226898475	-0.1755103009075939
1.1878310414894013	-0.8607114357479855	-0.03442845742991942
0.8420731516790239	-2.192307349471169	-0.08769229397884676
1.298346192646434	-0.7764548394667778	-0.031058193578671116
0.6886709839032235	-2.9694846690162233	-0.11877938676064893
0.41698381109566585	-3.5852784646281846	-0.14341113858512738
0.7364265558133409	-3.366251221314154	-0.13465004885256618
0.6063066602181877	-5.872507705107218	-0.2349003082042887
0.10687898434837961	-2.709292657888027	-0.1083717063155211
1.1398191790640342	-1.531441569657133	-0.061257662786285326
0.9987061362732645	-2.345292477638658	-0.09381169910554632
0.5563910041352571	-1.3978188789782373	-0.055912755159129496
1.0145168377480225	-1.7572833262811351	-0.07029133305124541
1.093777672872624	-2.4480862954038796	-0.09792345181615518
0.8398585774806159	-1.1339955995811648	-0.045359823983246596
0.5578036610983812	-1.7261293797413053	-0.06904517518965221
1.0752001266395392	-2.0961719122394435	-0.08384687648957774
0.32628497009291335	-3.352994256178695	-0.1341197702471478
0.643717943071989	-0.5820531650379703	-0.023282126601518814
0.7964372975171382	-3.343762511662879	-0.13375050046651515
0.6265360339433936	-3.141149950802171	-0.12564599803208684
0.7949819097750888	-1.8726182110248657	-0.07490472844099463
0.35786542814989253	-2.160760724404206	-0.08643042897616825
0.6691060458177069	-3.4833656434461293	-0.13933462573784516
0.405064041171147	-2.200189926579812	-0.08800759706319249
1.0116385478570638	-2.5643659803951415	-0.10257463921580566
1.289601706213169	-4.110150140479222	-0.16440600561916888
0.6571133411146973	-2.562028895537579	-0.10248115582150316
1.1014933950122905	-3.7287465783453295	-0.14914986313381318
0.3542375778927249	-1.411533477211138	-0.05646133908844553
0.41894587249259074	-2.449965907857435	-0.09799863631429741
0.7733327539843907	-2.283067901973352	-0.09132271607893408
1.0381484256720868	-1.5992742595191398	-0.06397097038076559
1.0701261940249904	-1.6579913331745297	-0.06631965332698118
1.2306626240437781	-4.082380172319761	-0.16329520689279042
0.8033725614404759	-2.5008438044172943	-0.10003375217669178
0.9722490593590816	-2.192873692381779	-0.08771494769527116
0.8476495448040372	-3.047878160924312	-0.12191512643697248
0.7079142090051374	-2.0590003612403343	-0.08236001444961337
1.0780658297592567	-1.8655384046319667	-0.07462153618527867
1.1591343407778691	-2.9540477666540386	-0.11816191066616155
0.29674762216416617	-1.5234401591658602	-0.06093760636663441
0.16403720027738267	-1.0059495928783861	-0.04023798371513545
0.9935689406331165	-1.1563307738646988	-0.04625323095458796
1.1198720379515534	-3.16276733781118	-0.1265106935124472
0.282022044406663	-1.4023566450369218	-0.056094265801476875
0.5401398086656279	-2.1265636363020164	-0.08506254545208065
0.5397631373905005	-0.26107664136456066	-0.010443065654582426
1.392116078449616	-2.663430494192591	-0.10653721976770364
0.9745818510581072	-2.0191731624609464	-0.08076692649843785
0.26477266815470835	-3.9401459533130785	-0.15760583813252313
0.9254424969061749	-2.600407748173436	-0.10401630992693743
0.8606747801581021	-2.741541192610317	-0.10966164770441267
0.815265940887099	-2.5838781611716843	-0.10335512644686738
0.3047513069031319	-2.9957865665963737	-0.11983146266385494
0.43254577482838164	-1.6806104590291735	-0.06722441836116694
1.234318619265484	-0.1880449785648286	-0.007521799142593144
0.500472365591639	-1.9494226468032114	-0.07797690587212845
1.1516347922715693	-2.6484780830545884	-0.10593912332218354
0.9823228807273785	-3.8280587456107216	-0.15312234982442888
0.7332706999315639	-0.7881883008014545	-0.03152753203205818
1.0531315294196841	-1.8466613648131096	-0.07386645459252439
1.3824547091521624	-1.826776651217942	-0.07307106604871769
0.6240884851579096	-3.0926591639081096	-0.12370636655632439
0.338966526938808	-1.7834282000508517	-0.07133712800203407
0.3296954530608156	-2.3433492517697507	-0.09373397007079003
0.5456695989627248	-1.3593115914570575	-0.0543724636582823
1.0054559543636448	-3.517102180412075	-0.140684087216483
1.0994119685688593	-1.5067214650518774	-0.0602688586020751
1.2610003829198981	-1.3651571751977039	-0.05460628700790816
0.42770874515872703	-2.729229322678626	-0.10916917290714505
1.0957530275322145	-3.017822143594071	-0.12071288574376285
0.315529093505576	-0.6963306105573208	-0.027853224422292832
0.9953689583307127	-0.42071316912792	-0.0168285267651168
1.1451372693442492	-0.9650525865170323	-0.03860210346068129
1.0735761576373088	-0.8255177998262007	-0.03302071199304803
1.0712744387727533	-1.6819410791323781	-0.06727764316529512
0.4948614566592685	-2.426091130691849	-0.09704364522767396
1.1161835420389425	-0.6703164661612664	-0.026812658646450657
0.9552934874009038	-4.390777679499085	-0.1756311071799634
0.8302971321770584	-2.308288311508225	-0.092331532460329
0.5262473511290503	-0.8558690303469036	-0.03423476121387615
0.9391150478255755	-1.0423752883226567	-0.04169501153290627
1.2422217860977773	-3.1614833853663944	-0.1264593354146558
0.7949531769079037	-0.964570252258824	-0.03858281009035296
1.2054168594255958	-1.8719891539982454	-0.07487956615992981
0.8233152907578634	-1.3910458428764265	-0.055641833715057064
1.1953706066197978	-2.4784546335828725	-0.09913818534331491
1.1409845424239786	-1.8565587319971837	-0.07426234927988735
0.9083573415521398	-1.3158934313260158	-0.05263573725304063
1.1212352227216769	-4.383892517477803	-0.17535570069911213
0.7460579349585581	-2.528069234920581	-0.10112276939682324
1.0161484089883983	-1.005375133611877	-0.04021500534447508
0.6272380095704942	-3.6389106512996676	-0.1455564260519867
0.8011422471828453	-2.742428576246689	-0.10969714304986755
1.1355663174548665	-1.1712830714866032	-0.046851322859464126
1.3991499484446734	-4.93412526302	-0.19736501052080002
0.9550178395667411	-1.0209625287689925	-0.0408385011507597
0.9099935966553307	-0.2040841139392653	-0.008163364557570612
1.3284825181564879	-2.7102287255149107	-0.10840914902059642
0.10137198207474973	-1.209369754955148	-0.048374790198205925
1.1396588721322547	-1.3103849893543262	-0.05241539957417305
1.06907684438467	-1.4475430270248468	-0.057901721080993875
0.9040615378966042	-1.2480587689900045	-0.04992235075960018
1.0701189841681633	-1.508133605730122	-0.06032534422920488
1.060666368823549	-0.7381327732804097	-0.029525310931216388
1.253129117174475	-1.2847972635159286	-0.05139189054063714
0.7046284310881514	-0.7084393901946471	-0.028337575607785884
1.3013228064748497	-0.5251058681430474	-0.021004234725721896
0.8285779444242353	-3.1565727213757127	-0.1262629088550285
1.310548424981343	-2.900567999749348	-0.11602271998997392
1.0911975063217967	-0.9283112095337565	-0.03713244838135026
0.8988909668430506	-1.976861861420227	-0.07907447445680908
1.0079907921059021	-1.0634088618239543	-0.04253635447295817
0.20451767931095444	-3.732102797156475	-0.149284111886259
0.8154589388579555	-1.7902130862405774	-0.0716085234496231
1.1189346856347475	-2.117685505841121	-0.08470742023364483
0.9487465830800521	-0.9144304175593119	-0.036577216702372475
0.847236225289803	-1.6958983324752503	-0.06783593329901001
1.2601040905956384	-2.099149569089772	-0.08396598276359088
0.672672715235888	-1.443044529156949	-0.057721781166277956
0.3786119762116088	-1.3330577040663076	-0.05332230816265231
1.007549334628851	-3.1238815008485528	-0.12495526003394211
0.34982884992813357	-2.5711015226118956	-0.10284406090447583
1.3550296504624053	-0.6283263504041612	-0.02513305401616645
1.2184047126004054	-1.0991516508710386	-0.043966066034841544
0.7752998828676968	-1.64600282318871	-0.0658401129275484
1.069177003613436	-1.1696934587596108	-0.04678773835038443
0.8870176811985327	-1.4599763159788024	-0.0583990526391521
0.929856133224763	-0.8245693735223676	-0.0329827749408947
0.8412654008256315	-1.3604979063336122	-0.05441991625334449
1.0	-1.0	-0.04
